14 0.04765625 0.2546875 0.0890625 0.18125
14 0.25 0.2609375 0.090625 0.15
14 0.86171875 0.27109375 0.0671875 0.0796875
14 0.56640625 0.290625 0.0796875 0.103125
6 0.8625 0.3234375 0.05625 0.040625
14 0.3859375 0.403125 0.11875 0.190625
1 0.86171875 0.46953125 0.1328125 0.2109375
1 0.0859375 0.484375 0.16875 0.325
1 0.2609375 0.484375 0.14375 0.24375
1 0.56328125 0.53671875 0.1515625 0.2890625
1 0.2046875 0.5515625 0.08125 0.159375
19 0.87109375 0.55859375 0.2015625 0.4109375
1 0.10859375 0.5890625 0.1140625 0.178125
1 0.296875 0.6078125 0.078125 0.16875
1 0.62421875 0.63125 0.0796875 0.234375
1 0.41171875 0.7515625 0.2015625 0.421875
1 0.27734375 0.7578125 0.1203125 0.153125
1 0.44375 0.871875 0.16875 0.259375
