14 0.46171875 0.3296875 0.0640625 0.075
6 0.4578125 0.36484375 0.05625 0.0609375
14 0.69296875 0.38125 0.0328125 0.046875
14 0.315625 0.428125 0.040625 0.075
14 0.921875 0.43203125 0.059375 0.0640625
14 0.4203125 0.44453125 0.025 0.0515625
14 0.5609375 0.453125 0.034375 0.03125
1 0.6921875 0.52578125 0.071875 0.1859375
1 0.5640625 0.57421875 0.0625 0.1578125
1 0.31953125 0.58203125 0.0828125 0.2296875
19 0.56953125 0.63828125 0.0671875 0.2921875
19 0.6859375 0.640625 0.09375 0.43125
1 0.91875 0.66484375 0.115625 0.2984375
1 0.4484375 0.665625 0.15 0.415625
5 0.27109375 0.67578125 0.0203125 0.0453125
19 0.31328125 0.69921875 0.1046875 0.4515625
19 0.459375 0.7234375 0.203125 0.53125
19 0.9171875 0.76015625 0.165625 0.4796875
5 0.97890625 0.79296875 0.0140625 0.0359375
5 0.8640625 0.80234375 0.021875 0.0390625
