14 0.27421875 0.2234375 0.0265625 0.03125
14 0.546875 0.2234375 0.025 0.034375
6 0.2734375 0.24453125 0.025 0.0390625
14 0.3859375 0.25390625 0.021875 0.0484375
14 0.6046875 0.2609375 0.03125 0.04375
14 0.44140625 0.2796875 0.0234375 0.04375
14 0.503125 0.29296875 0.01875 0.0390625
1 0.54921875 0.31875 0.0421875 0.115625
1 0.38203125 0.346875 0.0484375 0.1375
1 0.5703125 0.346875 0.01875 0.08125
1 0.2765625 0.34765625 0.059375 0.1296875
1 0.44375 0.35 0.05 0.115625
1 0.3546875 0.3640625 0.021875 0.078125
1 0.60703125 0.3671875 0.0484375 0.146875
1 0.5203125 0.371875 0.00625 0.0625
1 0.48125 0.3734375 0.01875 0.065625
1 0.5046875 0.37578125 0.04375 0.1140625
1 0.41875 0.384375 0.0125 0.046875
1 0.46484375 0.3859375 0.0140625 0.05625
1 0.55078125 0.3265625 0.0515625 0.128125
1 0.6328125 0.41015625 0.021875 0.0515625
1 0.5796875 0.4109375 0.00625 0.059375
13 0.378125 0.35703125 0.059375 0.1421875
1 0.44375 0.35703125 0.05 0.1078125
1 0.5015625 0.378125 0.046875 0.1125
13 0.2703125 0.353125 0.08125 0.140625
1 0.6109375 0.36796875 0.05625 0.1484375
