6 0.63984375 0.2703125 0.0328125 0.04375
14 0.7328125 0.3765625 0.04375 0.04375
14 0.25625 0.3859375 0.040625 0.034375
14 0.3703125 0.39765625 0.025 0.0390625
14 0.565625 0.40078125 0.025 0.0421875
1 0.45 0.40546875 0.1 0.3578125
1 0.640625 0.48125 0.10625 0.28125
1 0.37578125 0.503125 0.0515625 0.153125
1 0.56640625 0.5046875 0.0265625 0.134375
1 0.2515625 0.51484375 0.05625 0.1578125
1 0.37890625 0.53203125 0.0328125 0.0984375
1 0.26015625 0.5390625 0.0390625 0.09375
19 0.38046875 0.575 0.0328125 0.30625
19 0.253125 0.584375 0.096875 0.321875
5 0.6125 0.58671875 0.034375 0.0578125
19 0.47734375 0.61328125 0.2015625 0.7765625
19 0.6484375 0.646875 0.146875 0.609375
