14 0.48984375 0.30234375 0.0765625 0.0796875
6 0.484375 0.34140625 0.059375 0.0609375
14 0.7203125 0.35703125 0.034375 0.0578125
14 0.9578125 0.39375 0.059375 0.05625
14 0.34296875 0.39609375 0.0421875 0.0671875
14 0.45 0.41328125 0.021875 0.0390625
14 0.590625 0.43359375 0.028125 0.0421875
1 0.7171875 0.50625 0.071875 0.196875
1 0.34765625 0.55546875 0.0796875 0.2265625
1 0.590625 0.559375 0.059375 0.15625
6 0.6796875 0.60390625 0.01875 0.0609375
5 0.75390625 0.6078125 0.0109375 0.053125
19 0.7203125 0.6171875 0.10625 0.425
19 0.5953125 0.61875 0.078125 0.290625
1 0.946875 0.62890625 0.10625 0.3015625
1 0.471875 0.63046875 0.14375 0.3984375
5 0.30546875 0.6484375 0.0140625 0.046875
19 0.34765625 0.671875 0.0953125 0.45625
19 0.48984375 0.7046875 0.1921875 0.59375
19 0.934375 0.7390625 0.134375 0.521875
5 0.8953125 0.77109375 0.021875 0.0515625
