7 0.221875 0.31015625 0.059375 0.0609375
7 0.5875 0.28046875 0.06875 0.0671875
7 0.69921875 0.32265625 0.0609375 0.0578125
12 0.40703125 0.55703125 0.1203125 0.2890625
12 0.60234375 0.48046875 0.0984375 0.2734375
12 0.70703125 0.52265625 0.1078125 0.2546875
7 0.4109375 0.34140625 0.06875 0.0859375
5 0.65078125 0.54140625 0.0515625 0.0609375
5 0.3109375 0.63046875 0.046875 0.0765625
11 0.2515625 0.84375 0.065625 0.028125
11 0.3625 0.93125 0.0375 0.03125
11 0.4234375 0.93203125 0.034375 0.0328125
11 0.6015625 0.9234375 0.075 0.040625
11 0.68984375 0.91328125 0.0734375 0.0328125
11 0.128125 0.815625 0.05 0.0875
10 0.20234375 0.5671875 0.1921875 0.628125
10 0.3890625 0.621875 0.184375 0.684375
10 0.59921875 0.6046875 0.1828125 0.7375
10 0.715625 0.615625 0.175 0.65625
