7 0.384375 0.34140625 0.075 0.0921875
7 0.590625 0.240625 0.075 0.084375
12 0.40703125 0.525 0.1484375 0.253125
12 0.62421875 0.44921875 0.1734375 0.2984375
5 0.2890625 0.66953125 0.05 0.0828125
5 0.43984375 0.428125 0.0828125 0.059375
5 0.653125 0.3203125 0.059375 0.0875
5 0.690625 0.3140625 0.040625 0.08125
11 0.375 0.96015625 0.084375 0.0828125
11 0.45390625 0.89453125 0.0515625 0.0859375
11 0.6203125 0.9203125 0.065625 0.096875
11 0.66875 0.90546875 0.046875 0.0765625
10 0.3890625 0.63203125 0.2625 0.7296875
10 0.640625 0.58125 0.265625 0.76875
