7 0.1515625 0.121875 0.08125 0.078125
7 0.2640625 0.1890625 0.046875 0.05
7 0.40078125 0.16640625 0.0484375 0.0484375
7 0.46640625 0.1796875 0.0515625 0.071875
7 0.8765625 0.1953125 0.04375 0.04375
7 0.93125 0.08515625 0.08125 0.0765625
12 0.18125 0.32734375 0.253125 0.3015625
12 0.2671875 0.37109375 0.0625 0.1140625
12 0.39296875 0.30546875 0.0765625 0.1546875
12 0.475 0.3109375 0.090625 0.190625
12 0.67265625 0.2921875 0.1015625 0.190625
12 0.90625 0.3390625 0.11875 0.325
11 0.8875 0.7671875 0.078125 0.046875
11 0.62265625 0.64765625 0.0546875 0.0265625
11 0.69140625 0.646875 0.0328125 0.025
11 0.465625 0.6453125 0.046875 0.034375
7 0.67265625 0.1328125 0.0828125 0.053125
10 0.90703125 0.421875 0.1546875 0.790625
10 0.87265625 0.3 0.0609375 0.296875
10 0.6640625 0.3890625 0.2 0.596875
4 0.66484375 0.15390625 0.0671875 0.0265625
10 0.47109375 0.40625 0.1359375 0.55625
10 0.3859375 0.3875 0.121875 0.521875
4 0.3984375 0.1890625 0.053125 0.0375
10 0.26953125 0.4359375 0.1234375 0.565625
4 0.26171875 0.221875 0.0546875 0.028125
10 0.13125 0.4375 0.16875 0.75625
