12 0.20625 0.42734375 0.1375 0.2703125
12 0.3203125 0.42734375 0.121875 0.3015625
12 0.47578125 0.35703125 0.1328125 0.2734375
7 0.22734375 0.215625 0.0859375 0.1
7 0.34765625 0.20859375 0.0734375 0.0765625
7 0.4375 0.16015625 0.065625 0.0890625
7 0.5109375 0.1671875 0.071875 0.071875
5 0.53828125 0.265625 0.0390625 0.059375
5 0.59921875 0.265625 0.0578125 0.05
5 0.26875 0.5 0.053125 0.06875
11 0.21640625 0.8875 0.0765625 0.0875
11 0.26796875 0.88515625 0.0765625 0.0765625
11 0.35 0.8625 0.084375 0.059375
11 0.4734375 0.8921875 0.1 0.053125
10 0.21328125 0.54765625 0.1921875 0.8015625
10 0.321875 0.525 0.159375 0.740625
10 0.51328125 0.51953125 0.2484375 0.8453125
