7 0.0453125 0.25625 0.0875 0.10625
7 0.2984375 0.27109375 0.1 0.0890625
7 0.5078125 0.278125 0.1 0.090625
7 0.703125 0.25078125 0.1 0.1015625
7 0.90234375 0.1359375 0.1203125 0.125
12 0.08203125 0.4609375 0.1609375 0.321875
12 0.3140625 0.46015625 0.1625 0.3171875
12 0.5171875 0.465625 0.175 0.28125
12 0.709375 0.45390625 0.159375 0.3015625
11 0.02265625 0.83046875 0.0421875 0.1171875
11 0.09453125 0.83828125 0.0796875 0.1140625
11 0.27265625 0.7859375 0.1078125 0.10625
11 0.33125 0.81328125 0.103125 0.1140625
11 0.5015625 0.76640625 0.1 0.0953125
11 0.546875 0.81015625 0.09375 0.0953125
11 0.66875 0.80234375 0.090625 0.0734375
11 0.7125 0.83984375 0.1 0.0890625
11 0.87421875 0.83671875 0.1203125 0.1015625
11 0.92421875 0.871875 0.1484375 0.1125
5 0.04921875 0.6265625 0.0734375 0.10625
5 0.28046875 0.58984375 0.0640625 0.0921875
5 0.47578125 0.56640625 0.0609375 0.0953125
5 0.65234375 0.53984375 0.0578125 0.0734375
5 0.86328125 0.54375 0.1078125 0.10625
10 0.90234375 0.521875 0.1984375 0.89375
4 0.896875 0.16484375 0.10625 0.0515625
10 0.70859375 0.5546875 0.1796875 0.7
10 0.52109375 0.54140625 0.1953125 0.6296875
10 0.29453125 0.5390625 0.1921875 0.64375
10 0.07578125 0.546875 0.1484375 0.690625
