7 0.5734375 0.1484375 0.134375 0.225
7 0.40078125 0.22421875 0.1046875 0.1765625
7 0.190625 0.2984375 0.084375 0.115625
5 0.5765625 0.6296875 0.103125 0.15
5 0.41953125 0.5828125 0.0828125 0.09375
5 0.40546875 0.4171875 0.0609375 0.115625
5 0.2953125 0.4796875 0.071875 0.053125
5 0.23984375 0.38125 0.0765625 0.053125
11 0.690625 0.8953125 0.1 0.109375
11 0.10859375 0.62265625 0.0921875 0.0890625
11 0.6234375 0.83359375 0.103125 0.0734375
12 0.65859375 0.20234375 0.3359375 0.3703125
12 0.11015625 0.415625 0.1421875 0.240625
12 0.4484375 0.18671875 0.1375 0.2453125
10 0.6640625 0.4796875 0.365625 0.95625
10 0.48828125 0.37578125 0.2703125 0.6953125
10 0.1828125 0.45 0.290625 0.471875
