7 0.103125 0.1828125 0.071875 0.08125
7 0.64453125 0.14296875 0.0546875 0.0609375
7 0.75703125 0.14375 0.0578125 0.059375
7 0.828125 0.43828125 0.053125 0.0640625
12 0.0984375 0.440625 0.153125 0.325
12 0.628125 0.3671875 0.115625 0.259375
12 0.76328125 0.35 0.1171875 0.253125
12 0.85546875 0.63515625 0.1234375 0.2265625
11 0.20234375 0.9796875 0.0796875 0.04375
11 0.75546875 0.81953125 0.0609375 0.0421875
11 0.79453125 0.86796875 0.0671875 0.0484375
11 0.88125 0.8546875 0.034375 0.06875
10 0.84453125 0.65390625 0.2203125 0.5046875
10 0.778125 0.48046875 0.153125 0.7265625
4 0.75546875 0.18125 0.0609375 0.03125
10 0.62734375 0.4765625 0.1578125 0.73125
11 0.65859375 0.8109375 0.0828125 0.075
11 0.08671875 0.975 0.0578125 0.053125
10 0.12578125 0.56953125 0.2484375 0.8640625
