12 0.21328125 0.25 0.0640625 0.046875
12 0.31875 0.31796875 0.065625 0.0765625
12 0.50859375 0.3125 0.0578125 0.05
12 0.80625 0.5390625 0.0625 0.084375
7 0.8171875 0.471875 0.028125 0.028125
7 0.31171875 0.2578125 0.0359375 0.034375
11 0.76171875 0.703125 0.0328125 0.034375
11 0.3390625 0.4265625 0.021875 0.053125
11 0.303125 0.4109375 0.03125 0.05
11 0.24765625 0.39921875 0.0265625 0.0640625
11 0.20625 0.35234375 0.025 0.0515625
11 0.53984375 0.4078125 0.0234375 0.0375
11 0.52109375 0.403125 0.0234375 0.034375
10 0.78984375 0.60546875 0.1484375 0.3484375
5 0.7484375 0.56796875 0.03125 0.0296875
10 0.50390625 0.340625 0.1265625 0.2
10 0.21640625 0.33203125 0.1015625 0.2484375
10 0.3203125 0.3421875 0.09375 0.234375
