7 0.38203125 0.321875 0.1078125 0.06875
7 0.56875 0.34453125 0.10625 0.0609375
7 0.721875 0.29609375 0.128125 0.0609375
11 0.37109375 0.90859375 0.0953125 0.0359375
11 0.48671875 0.89765625 0.1078125 0.0484375
11 0.6578125 0.89765625 0.1 0.0484375
11 0.77421875 0.9359375 0.0671875 0.05625
11 0.734375 0.90546875 0.096875 0.0515625
12 0.334375 0.48203125 0.2 0.2359375
12 0.5515625 0.503125 0.2125 0.190625
12 0.809375 0.46640625 0.246875 0.2296875
10 0.79375 0.6140625 0.315625 0.775
10 0.5671875 0.62265625 0.309375 0.6671875
10 0.27109375 0.56015625 0.3765625 0.7609375
