7 0.32421875 0.07109375 0.0734375 0.0953125
12 0.70625 0.3 0.334375 0.359375
12 0.29140625 0.31171875 0.2453125 0.3328125
7 0.68515625 0.071875 0.0796875 0.065625
11 0.3203125 0.9484375 0.10625 0.071875
11 0.20703125 0.9578125 0.0921875 0.065625
11 0.76796875 0.959375 0.0484375 0.078125
11 0.67578125 0.95703125 0.0796875 0.0796875
5 0.19609375 0.50390625 0.0640625 0.0828125
5 0.89375 0.3546875 0.053125 0.071875
5 0.525 0.0859375 0.0625 0.08125
5 0.41875 0.15625 0.0375 0.06875
10 0.26875 0.5125 0.378125 0.978125
10 0.70625 0.50625 0.440625 0.990625
